Step 1 - 4 @ R1C4
------------------
0 0 8 4 6 0 9 0 0
0 0 0 2 0 3 6 7 8
7 0 6 0 5 1 0 0 4
9 7 3 0 4 8 1 0 0
6 2 0 0 3 9 0 5 0
0 0 1 7 0 0 0 0 0
5 8 0 9 0 0 3 0 6
0 0 0 0 0 0 0 0 0
0 4 0 0 0 5 7 2 1
------------------
Step 2 - 9 @ R2C5
------------------
0 0 8 4 6 0 9 0 0
0 0 0 2 9 3 6 7 8
7 0 6 0 5 1 0 0 4
9 7 3 0 4 8 1 0 0
6 2 0 0 3 9 0 5 0
0 0 1 7 0 0 0 0 0
5 8 0 9 0 0 3 0 6
0 0 0 0 0 0 0 0 0
0 4 0 0 0 5 7 2 1
------------------
Step 3 - 8 @ R3C4
------------------
0 0 8 4 6 0 9 0 0
0 0 0 2 9 3 6 7 8
7 0 6 8 5 1 0 0 4
9 7 3 0 4 8 1 0 0
6 2 0 0 3 9 0 5 0
0 0 1 7 0 0 0 0 0
5 8 0 9 0 0 3 0 6
0 0 0 0 0 0 0 0 0
0 4 0 0 0 5 7 2 1
------------------
Step 4 - 2 @ R3C7
------------------
0 0 8 4 6 0 9 0 0
0 0 0 2 9 3 6 7 8
7 0 6 8 5 1 2 0 4
9 7 3 0 4 8 1 0 0
6 2 0 0 3 9 0 5 0
0 0 1 7 0 0 0 0 0
5 8 0 9 0 0 3 0 6
0 0 0 0 0 0 0 0 0
0 4 0 0 0 5 7 2 1
------------------
Step 5 - 3 @ R3C8
------------------
0 0 8 4 6 0 9 0 0
0 0 0 2 9 3 6 7 8
7 0 6 8 5 1 2 3 4
9 7 3 0 4 8 1 0 0
6 2 0 0 3 9 0 5 0
0 0 1 7 0 0 0 0 0
5 8 0 9 0 0 3 0 6
0 0 0 0 0 0 0 0 0
0 4 0 0 0 5 7 2 1
------------------
Step 6 - 6 @ R4C8
------------------
0 0 8 4 6 0 9 0 0
0 0 0 2 9 3 6 7 8
7 0 6 8 5 1 2 3 4
9 7 3 0 4 8 1 6 0
6 2 0 0 3 9 0 5 0
0 0 1 7 0 0 0 0 0
5 8 0 9 0 0 3 0 6
0 0 0 0 0 0 0 0 0
0 4 0 0 0 5 7 2 1
------------------
Step 7 - 2 @ R4C9
------------------
0 0 8 4 6 0 9 0 0
0 0 0 2 9 3 6 7 8
7 0 6 8 5 1 2 3 4
9 7 3 0 4 8 1 6 2
6 2 0 0 3 9 0 5 0
0 0 1 7 0 0 0 0 0
5 8 0 9 0 0 3 0 6
0 0 0 0 0 0 0 0 0
0 4 0 0 0 5 7 2 1
------------------
Step 8 - 4 @ R5C3
------------------
0 0 8 4 6 0 9 0 0
0 0 0 2 9 3 6 7 8
7 0 6 8 5 1 2 3 4
9 7 3 0 4 8 1 6 2
6 2 4 0 3 9 0 5 0
0 0 1 7 0 0 0 0 0
5 8 0 9 0 0 3 0 6
0 0 0 0 0 0 0 0 0
0 4 0 0 0 5 7 2 1
------------------
Step 9 - 1 @ R5C4
------------------
0 0 8 4 6 0 9 0 0
0 0 0 2 9 3 6 7 8
7 0 6 8 5 1 2 3 4
9 7 3 0 4 8 1 6 2
6 2 4 1 3 9 0 5 0
0 0 1 7 0 0 0 0 0
5 8 0 9 0 0 3 0 6
0 0 0 0 0 0 0 0 0
0 4 0 0 0 5 7 2 1
------------------
Step 10 - 7 @ R5C9
------------------
0 0 8 4 6 0 9 0 0
0 0 0 2 9 3 6 7 8
7 0 6 8 5 1 2 3 4
9 7 3 0 4 8 1 6 2
6 2 4 1 3 9 0 5 7
0 0 1 7 0 0 0 0 0
5 8 0 9 0 0 3 0 6
0 0 0 0 0 0 0 0 0
0 4 0 0 0 5 7 2 1
------------------
Step 11 - 5 @ R6C2
------------------
0 0 8 4 6 0 9 0 0
0 0 0 2 9 3 6 7 8
7 0 6 8 5 1 2 3 4
9 7 3 0 4 8 1 6 2
6 2 4 1 3 9 0 5 7
0 5 1 7 0 0 0 0 0
5 8 0 9 0 0 3 0 6
0 0 0 0 0 0 0 0 0
0 4 0 0 0 5 7 2 1
------------------
Step 12 - 2 @ R6C5
------------------
0 0 8 4 6 0 9 0 0
0 0 0 2 9 3 6 7 8
7 0 6 8 5 1 2 3 4
9 7 3 0 4 8 1 6 2
6 2 4 1 3 9 0 5 7
0 5 1 7 2 0 0 0 0
5 8 0 9 0 0 3 0 6
0 0 0 0 0 0 0 0 0
0 4 0 0 0 5 7 2 1
------------------
Step 13 - 4 @ R7C8
------------------
0 0 8 4 6 0 9 0 0
0 0 0 2 9 3 6 7 8
7 0 6 8 5 1 2 3 4
9 7 3 0 4 8 1 6 2
6 2 4 1 3 9 0 5 7
0 5 1 7 2 0 0 0 0
5 8 0 9 0 0 3 4 6
0 0 0 0 0 0 0 0 0
0 4 0 0 0 5 7 2 1
------------------
Step 14 - 3 @ R9C1
------------------
0 0 8 4 6 0 9 0 0
0 0 0 2 9 3 6 7 8
7 0 6 8 5 1 2 3 4
9 7 3 0 4 8 1 6 2
6 2 4 1 3 9 0 5 7
0 5 1 7 2 0 0 0 0
5 8 0 9 0 0 3 4 6
0 0 0 0 0 0 0 0 0
3 4 0 0 0 5 7 2 1
------------------
Step 15 - 9 @ R9C3
------------------
0 0 8 4 6 0 9 0 0
0 0 0 2 9 3 6 7 8
7 0 6 8 5 1 2 3 4
9 7 3 0 4 8 1 6 2
6 2 4 1 3 9 0 5 7
0 5 1 7 2 0 0 0 0
5 8 0 9 0 0 3 4 6
0 0 0 0 0 0 0 0 0
3 4 9 0 0 5 7 2 1
------------------
Step 16 - 8 @ R9C5
------------------
0 0 8 4 6 0 9 0 0
0 0 0 2 9 3 6 7 8
7 0 6 8 5 1 2 3 4
9 7 3 0 4 8 1 6 2
6 2 4 1 3 9 0 5 7
0 5 1 7 2 0 0 0 0
5 8 0 9 0 0 3 4 6
0 0 0 0 0 0 0 0 0
3 4 9 0 8 5 7 2 1
------------------
Step 17 - 7 @ R1C6
------------------
0 0 8 4 6 7 9 0 0
0 0 0 2 9 3 6 7 8
7 0 6 8 5 1 2 3 4
9 7 3 0 4 8 1 6 2
6 2 4 1 3 9 0 5 7
0 5 1 7 2 0 0 0 0
5 8 0 9 0 0 3 4 6
0 0 0 0 0 0 0 0 0
3 4 9 0 8 5 7 2 1
------------------
Step 18 - 1 @ R1C8
------------------
0 0 8 4 6 7 9 1 0
0 0 0 2 9 3 6 7 8
7 0 6 8 5 1 2 3 4
9 7 3 0 4 8 1 6 2
6 2 4 1 3 9 0 5 7
0 5 1 7 2 0 0 0 0
5 8 0 9 0 0 3 4 6
0 0 0 0 0 0 0 0 0
3 4 9 0 8 5 7 2 1
------------------
Step 19 - 5 @ R1C9
------------------
0 0 8 4 6 7 9 1 5
0 0 0 2 9 3 6 7 8
7 0 6 8 5 1 2 3 4
9 7 3 0 4 8 1 6 2
6 2 4 1 3 9 0 5 7
0 5 1 7 2 0 0 0 0
5 8 0 9 0 0 3 4 6
0 0 0 0 0 0 0 0 0
3 4 9 0 8 5 7 2 1
------------------
Step 20 - 1 @ R2C2
------------------
0 0 8 4 6 7 9 1 5
0 1 0 2 9 3 6 7 8
7 0 6 8 5 1 2 3 4
9 7 3 0 4 8 1 6 2
6 2 4 1 3 9 0 5 7
0 5 1 7 2 0 0 0 0
5 8 0 9 0 0 3 4 6
0 0 0 0 0 0 0 0 0
3 4 9 0 8 5 7 2 1
------------------
Step 21 - 5 @ R2C3
------------------
0 0 8 4 6 7 9 1 5
0 1 5 2 9 3 6 7 8
7 0 6 8 5 1 2 3 4
9 7 3 0 4 8 1 6 2
6 2 4 1 3 9 0 5 7
0 5 1 7 2 0 0 0 0
5 8 0 9 0 0 3 4 6
0 0 0 0 0 0 0 0 0
3 4 9 0 8 5 7 2 1
------------------
Step 22 - 9 @ R3C2
------------------
0 0 8 4 6 7 9 1 5
0 1 5 2 9 3 6 7 8
7 9 6 8 5 1 2 3 4
9 7 3 0 4 8 1 6 2
6 2 4 1 3 9 0 5 7
0 5 1 7 2 0 0 0 0
5 8 0 9 0 0 3 4 6
0 0 0 0 0 0 0 0 0
3 4 9 0 8 5 7 2 1
------------------
Step 23 - 5 @ R4C4
------------------
0 0 8 4 6 7 9 1 5
0 1 5 2 9 3 6 7 8
7 9 6 8 5 1 2 3 4
9 7 3 5 4 8 1 6 2
6 2 4 1 3 9 0 5 7
0 5 1 7 2 0 0 0 0
5 8 0 9 0 0 3 4 6
0 0 0 0 0 0 0 0 0
3 4 9 0 8 5 7 2 1
------------------
Step 24 - 8 @ R5C7
------------------
0 0 8 4 6 7 9 1 5
0 1 5 2 9 3 6 7 8
7 9 6 8 5 1 2 3 4
9 7 3 5 4 8 1 6 2
6 2 4 1 3 9 8 5 7
0 5 1 7 2 0 0 0 0
5 8 0 9 0 0 3 4 6
0 0 0 0 0 0 0 0 0
3 4 9 0 8 5 7 2 1
------------------
Step 25 - 8 @ R6C1
------------------
0 0 8 4 6 7 9 1 5
0 1 5 2 9 3 6 7 8
7 9 6 8 5 1 2 3 4
9 7 3 5 4 8 1 6 2
6 2 4 1 3 9 8 5 7
8 5 1 7 2 0 0 0 0
5 8 0 9 0 0 3 4 6
0 0 0 0 0 0 0 0 0
3 4 9 0 8 5 7 2 1
------------------
Step 26 - 6 @ R6C6
------------------
0 0 8 4 6 7 9 1 5
0 1 5 2 9 3 6 7 8
7 9 6 8 5 1 2 3 4
9 7 3 5 4 8 1 6 2
6 2 4 1 3 9 8 5 7
8 5 1 7 2 6 0 0 0
5 8 0 9 0 0 3 4 6
0 0 0 0 0 0 0 0 0
3 4 9 0 8 5 7 2 1
------------------
Step 27 - 6 @ R9C4
------------------
0 0 8 4 6 7 9 1 5
0 1 5 2 9 3 6 7 8
7 9 6 8 5 1 2 3 4
9 7 3 5 4 8 1 6 2
6 2 4 1 3 9 8 5 7
8 5 1 7 2 6 0 0 0
5 8 0 9 0 0 3 4 6
0 0 0 0 0 0 0 0 0
3 4 9 6 8 5 7 2 1
------------------
Step 28 - 2 @ R1C1
------------------
2 0 8 4 6 7 9 1 5
0 1 5 2 9 3 6 7 8
7 9 6 8 5 1 2 3 4
9 7 3 5 4 8 1 6 2
6 2 4 1 3 9 8 5 7
8 5 1 7 2 6 0 0 0
5 8 0 9 0 0 3 4 6
0 0 0 0 0 0 0 0 0
3 4 9 6 8 5 7 2 1
------------------
Step 29 - 3 @ R1C2
------------------
2 3 8 4 6 7 9 1 5
0 1 5 2 9 3 6 7 8
7 9 6 8 5 1 2 3 4
9 7 3 5 4 8 1 6 2
6 2 4 1 3 9 8 5 7
8 5 1 7 2 6 0 0 0
5 8 0 9 0 0 3 4 6
0 0 0 0 0 0 0 0 0
3 4 9 6 8 5 7 2 1
------------------
Step 30 - 4 @ R2C1
------------------
2 3 8 4 6 7 9 1 5
4 1 5 2 9 3 6 7 8
7 9 6 8 5 1 2 3 4
9 7 3 5 4 8 1 6 2
6 2 4 1 3 9 8 5 7
8 5 1 7 2 6 0 0 0
5 8 0 9 0 0 3 4 6
0 0 0 0 0 0 0 0 0
3 4 9 6 8 5 7 2 1
------------------
Step 31 - 4 @ R6C7
------------------
2 3 8 4 6 7 9 1 5
4 1 5 2 9 3 6 7 8
7 9 6 8 5 1 2 3 4
9 7 3 5 4 8 1 6 2
6 2 4 1 3 9 8 5 7
8 5 1 7 2 6 4 0 0
5 8 0 9 0 0 3 4 6
0 0 0 0 0 0 0 0 0
3 4 9 6 8 5 7 2 1
------------------
Step 32 - 9 @ R6C8
------------------
2 3 8 4 6 7 9 1 5
4 1 5 2 9 3 6 7 8
7 9 6 8 5 1 2 3 4
9 7 3 5 4 8 1 6 2
6 2 4 1 3 9 8 5 7
8 5 1 7 2 6 4 9 0
5 8 0 9 0 0 3 4 6
0 0 0 0 0 0 0 0 0
3 4 9 6 8 5 7 2 1
------------------
Step 33 - 2 @ R7C6
------------------
2 3 8 4 6 7 9 1 5
4 1 5 2 9 3 6 7 8
7 9 6 8 5 1 2 3 4
9 7 3 5 4 8 1 6 2
6 2 4 1 3 9 8 5 7
8 5 1 7 2 6 4 9 0
5 8 0 9 0 2 3 4 6
0 0 0 0 0 0 0 0 0
3 4 9 6 8 5 7 2 1
------------------
Step 34 - 6 @ R8C2
------------------
2 3 8 4 6 7 9 1 5
4 1 5 2 9 3 6 7 8
7 9 6 8 5 1 2 3 4
9 7 3 5 4 8 1 6 2
6 2 4 1 3 9 8 5 7
8 5 1 7 2 6 4 9 0
5 8 0 9 0 2 3 4 6
0 6 0 0 0 0 0 0 0
3 4 9 6 8 5 7 2 1
------------------
Step 35 - 3 @ R8C4
------------------
2 3 8 4 6 7 9 1 5
4 1 5 2 9 3 6 7 8
7 9 6 8 5 1 2 3 4
9 7 3 5 4 8 1 6 2
6 2 4 1 3 9 8 5 7
8 5 1 7 2 6 4 9 0
5 8 0 9 0 2 3 4 6
0 6 0 3 0 0 0 0 0
3 4 9 6 8 5 7 2 1
------------------
Step 36 - 5 @ R8C7
------------------
2 3 8 4 6 7 9 1 5
4 1 5 2 9 3 6 7 8
7 9 6 8 5 1 2 3 4
9 7 3 5 4 8 1 6 2
6 2 4 1 3 9 8 5 7
8 5 1 7 2 6 4 9 0
5 8 0 9 0 2 3 4 6
0 6 0 3 0 0 5 0 0
3 4 9 6 8 5 7 2 1
------------------
Step 37 - 9 @ R8C9
------------------
2 3 8 4 6 7 9 1 5
4 1 5 2 9 3 6 7 8
7 9 6 8 5 1 2 3 4
9 7 3 5 4 8 1 6 2
6 2 4 1 3 9 8 5 7
8 5 1 7 2 6 4 9 0
5 8 0 9 0 2 3 4 6
0 6 0 3 0 0 5 0 9
3 4 9 6 8 5 7 2 1
------------------
Step 38 - 3 @ R6C9
------------------
2 3 8 4 6 7 9 1 5
4 1 5 2 9 3 6 7 8
7 9 6 8 5 1 2 3 4
9 7 3 5 4 8 1 6 2
6 2 4 1 3 9 8 5 7
8 5 1 7 2 6 4 9 3
5 8 0 9 0 2 3 4 6
0 6 0 3 0 0 5 0 9
3 4 9 6 8 5 7 2 1
------------------
Step 39 - 7 @ R7C3
------------------
2 3 8 4 6 7 9 1 5
4 1 5 2 9 3 6 7 8
7 9 6 8 5 1 2 3 4
9 7 3 5 4 8 1 6 2
6 2 4 1 3 9 8 5 7
8 5 1 7 2 6 4 9 3
5 8 7 9 0 2 3 4 6
0 6 0 3 0 0 5 0 9
3 4 9 6 8 5 7 2 1
------------------
Step 40 - 1 @ R8C1
------------------
2 3 8 4 6 7 9 1 5
4 1 5 2 9 3 6 7 8
7 9 6 8 5 1 2 3 4
9 7 3 5 4 8 1 6 2
6 2 4 1 3 9 8 5 7
8 5 1 7 2 6 4 9 3
5 8 7 9 0 2 3 4 6
1 6 0 3 0 0 5 0 9
3 4 9 6 8 5 7 2 1
------------------
Step 41 - 4 @ R8C6
------------------
2 3 8 4 6 7 9 1 5
4 1 5 2 9 3 6 7 8
7 9 6 8 5 1 2 3 4
9 7 3 5 4 8 1 6 2
6 2 4 1 3 9 8 5 7
8 5 1 7 2 6 4 9 3
5 8 7 9 0 2 3 4 6
1 6 0 3 0 4 5 0 9
3 4 9 6 8 5 7 2 1
------------------
Step 42 - 8 @ R8C8
------------------
2 3 8 4 6 7 9 1 5
4 1 5 2 9 3 6 7 8
7 9 6 8 5 1 2 3 4
9 7 3 5 4 8 1 6 2
6 2 4 1 3 9 8 5 7
8 5 1 7 2 6 4 9 3
5 8 7 9 0 2 3 4 6
1 6 0 3 0 4 5 8 9
3 4 9 6 8 5 7 2 1
------------------
Step 43 - 1 @ R7C5
------------------
2 3 8 4 6 7 9 1 5
4 1 5 2 9 3 6 7 8
7 9 6 8 5 1 2 3 4
9 7 3 5 4 8 1 6 2
6 2 4 1 3 9 8 5 7
8 5 1 7 2 6 4 9 3
5 8 7 9 1 2 3 4 6
1 6 0 3 0 4 5 8 9
3 4 9 6 8 5 7 2 1
------------------
Step 44 - 2 @ R8C3
------------------
2 3 8 4 6 7 9 1 5
4 1 5 2 9 3 6 7 8
7 9 6 8 5 1 2 3 4
9 7 3 5 4 8 1 6 2
6 2 4 1 3 9 8 5 7
8 5 1 7 2 6 4 9 3
5 8 7 9 1 2 3 4 6
1 6 2 3 0 4 5 8 9
3 4 9 6 8 5 7 2 1
------------------
Step 45 - 7 @ R8C5
------------------
2 3 8 4 6 7 9 1 5
4 1 5 2 9 3 6 7 8
7 9 6 8 5 1 2 3 4
9 7 3 5 4 8 1 6 2
6 2 4 1 3 9 8 5 7
8 5 1 7 2 6 4 9 3
5 8 7 9 1 2 3 4 6
1 6 2 3 7 4 5 8 9
3 4 9 6 8 5 7 2 1
------------------
